,City,Cloudiness,Country,Date,Humidity,Lat,Lng,Max Temp,Wind Speed
0,Sao Felix do Xingu,100,BR,1578361714,97,-6.64,-51.99,70.43,0.94
1,Victoria,75,BN,1578361287,74,5.28,115.24,84.2,3.36
2,Port Elizabeth,1,US,1578361579,51,39.31,-74.98,45.0,7.63
3,Vaini,75,IN,1578361482,94,15.34,74.49,68.0,9.17
4,Qaanaaq,32,GL,1578361562,84,77.48,-69.36,-18.02,11.54
5,Yar-Sale,93,RU,1578361316,85,66.83,70.83,7.21,14.27
6,Arlit,10,NE,1578361714,26,18.74,7.39,57.22,12.21
7,Saint-Philippe,75,CA,1578361582,85,45.36,-73.48,21.0,3.27
8,Belyy Yar,90,RU,1578361714,84,53.6,91.39,3.2,2.53
9,Upernavik,100,GL,1578361569,99,72.79,-56.15,-5.57,6.31
10,Albany,75,US,1578361566,64,42.65,-73.75,34.0,4.7
11,Dikson,100,RU,1578361484,96,73.51,80.55,8.2,6.82
12,Kapaa,75,US,1578361568,78,22.08,-159.32,80.6,19.46
13,Ocos,5,GT,1578361715,83,14.51,-92.19,77.0,2.39
14,Cape Town,100,ZA,1578361452,68,-33.93,18.42,68.0,9.17
15,Bredasdorp,100,ZA,1578361563,77,-34.53,20.04,64.99,2.24
16,Rikitea,40,PF,1578361561,77,-23.12,-134.97,76.77,12.59
17,Siocon,0,PH,1578361715,73,11.03,124.04,86.0,8.9
18,Saskylakh,81,RU,1578361579,94,71.97,114.09,-1.08,8.77
19,Norman Wells,20,CA,1578361567,65,65.28,-126.83,-38.2,2.24
20,Ushuaia,75,AR,1578361457,70,-54.81,-68.31,48.2,3.36
21,Hofn,100,IS,1578361715,67,64.25,-15.21,41.13,16.06
22,Unidos,100,PH,1578361715,72,8.59,123.67,81.34,7.0
23,Pringsewu,44,ID,1578361715,79,-5.36,104.98,81.97,1.54
24,Atuona,32,PF,1578361569,68,-9.8,-139.03,81.05,10.56
25,Namatanai,96,PG,1578361585,70,-3.66,152.44,86.09,6.55
26,Sibolga,92,ID,1578361716,57,1.74,98.78,85.95,1.03
27,Comodoro Rivadavia,20,AR,1578361716,35,-45.87,-67.48,71.6,23.04
28,Kavaratti,100,IN,1578361587,74,10.57,72.64,80.53,8.93
29,Mataura,71,NZ,1578361566,71,-46.19,168.86,57.0,11.01
30,Georgetown,9,GY,1578361566,83,6.8,-58.16,75.2,4.7
31,Labytnangi,88,RU,1578361598,86,66.66,66.39,4.3,11.39
32,Tuktoyaktuk,90,CA,1578361565,74,69.44,-133.03,-23.8,9.17
33,Fortuna,1,US,1578361588,81,40.6,-124.16,51.8,5.82
34,Makakilo City,90,US,1578361504,69,21.35,-158.09,82.4,10.29
35,Mar del Plata,80,AR,1578361561,60,-46.43,-67.52,62.04,0.54
36,Saint George,20,GR,1578361517,55,39.45,22.34,33.8,8.05
37,Shakawe,79,BW,1578361716,93,-18.36,21.84,67.55,6.35
38,Luanda,75,AO,1578361716,83,-8.83,13.24,80.6,8.05
39,Hobart,75,AU,1578361535,63,-42.88,147.33,70.0,16.11
40,Necochea,0,AR,1578361577,81,-38.55,-58.74,60.01,5.99
41,Naze,7,NG,1578361716,77,5.43,7.07,72.14,1.01
42,Barrow,0,AR,1578361571,73,-38.31,-60.23,56.39,5.5
43,Hilo,20,US,1578361501,54,19.71,-155.08,82.4,8.05
44,Mulchen,0,CL,1578361717,66,-37.72,-72.23,52.84,2.93
45,Bambous Virieux,40,MU,1578361569,94,-20.34,57.76,77.0,6.49
46,San Policarpo,95,PH,1578361717,74,12.18,125.51,82.27,11.25
47,Tuatapere,100,NZ,1578361717,71,-46.13,167.69,57.0,11.01
48,Nemuro,40,JP,1578361575,71,43.32,145.57,32.0,4.7
49,Tuy Hoa,61,VN,1578361717,86,13.08,109.3,75.47,10.02
50,Broome,0,GB,1578361717,87,52.47,1.45,43.0,10.29
51,Souillac,90,FR,1578361583,93,45.6,-0.6,43.0,5.82
52,Umm Lajj,0,SA,1578361717,68,25.02,37.27,51.01,4.12
53,Nome,90,US,1578361487,82,30.04,-94.42,66.0,3.36
54,Punta Arenas,90,CL,1578361562,81,-53.16,-70.91,53.6,6.93
55,Izumrud,0,UA,1578361717,92,50.35,30.39,25.0,4.47
56,Bluff,100,AU,1578361568,40,-23.58,149.07,89.13,10.58
57,Bikramganj,66,IN,1578361718,55,25.22,84.27,59.95,3.98
58,Chateauroux,90,FR,1578361718,93,43.72,0.65,46.99,4.7
59,Norton,1,US,1578361718,86,41.97,-71.19,36.0,6.93
60,Paciran,48,ID,1578361718,75,-6.9,112.33,84.94,10.13
61,Narsaq,0,GL,1578361576,36,60.91,-46.05,-2.2,5.82
62,Kilindoni,15,TZ,1578361296,78,-7.91,39.67,83.41,12.91
63,Karratha,34,AU,1578361594,65,-20.74,116.85,88.05,2.15
64,Cooma,84,AU,1578361718,64,-36.24,149.13,71.6,9.17
65,Torbay,90,CA,1578361461,79,47.66,-52.73,26.01,6.93
66,Abatskoye,100,RU,1578361718,93,56.29,70.46,21.13,6.93
67,Leningradskiy,0,RU,1578361573,79,69.38,178.42,-9.85,11.83
68,Kudahuvadhoo,100,MV,1578361718,78,2.67,72.89,82.85,12.33
69,Arraial do Cabo,40,BR,1578361564,94,-22.97,-42.02,75.2,4.7
70,Fare,36,PF,1578361584,79,-16.7,-151.02,81.79,14.81
71,San Patricio,78,PY,1578361564,86,-26.98,-56.83,70.77,5.1
72,Clyde River,90,CA,1578361564,75,70.47,-68.59,-16.6,21.92
73,Severo-Kurilsk,100,RU,1578361561,73,50.68,156.12,24.93,16.75
74,Tessalit,35,ML,1578361719,21,20.2,1.01,53.49,12.68
75,Gainesville,40,US,1578361719,75,29.65,-82.33,51.01,3.42
76,Khatanga,90,RU,1578361561,90,71.98,102.47,2.66,12.57
77,Lasa,75,CY,1578361579,63,34.92,32.53,60.8,16.11
78,Ahipara,100,NZ,1578361612,67,-35.17,173.16,61.9,21.79
79,Saldanha,100,PT,1578361179,80,41.42,-6.55,36.03,3.11
80,Butaritari,100,KI,1578361562,76,3.07,172.79,84.97,16.55
81,Lavrentiya,92,RU,1578361346,94,65.58,-170.99,-9.65,2.37
82,Burriana,18,ES,1578361719,100,39.89,-0.08,45.0,2.24
83,Chokurdakh,0,RU,1578361485,95,70.62,147.9,-22.47,3.27
84,Kavieng,82,PG,1578361575,69,-2.57,150.8,85.03,5.08
85,Kruisfontein,100,ZA,1578361570,91,-34.0,24.73,64.42,3.33
86,Ozinki,100,RU,1578361720,97,51.2,49.73,29.07,9.13
87,Avarua,39,CK,1578361570,78,-21.21,-159.78,82.4,5.82
88,Yellowknife,40,CA,1578361564,74,62.45,-114.38,-23.01,6.93
89,Manado,40,ID,1578361583,94,1.49,124.85,75.2,2.24
90,Port Lincoln,0,AU,1578361667,52,-34.72,135.86,72.97,8.57
91,Sitka,0,US,1578361720,43,37.17,-99.65,36.0,1.01
92,Tiarei,75,PF,1578361720,66,-17.53,-149.33,87.8,3.36
93,Carnarvon,64,ZA,1578361572,73,-30.97,22.13,63.72,10.04
94,Westport,1,US,1578361365,69,41.14,-73.36,43.0,16.31
95,Taguatinga,20,BR,1578361720,83,-15.83,-48.06,71.6,4.7
96,Fairview,20,CA,1578361720,69,56.07,-118.38,-8.0,5.82
97,Turbana,20,CO,1578361720,83,10.27,-75.44,80.6,8.05
98,Touros,40,BR,1578361086,78,-5.2,-35.46,80.6,6.93
99,Chuy,41,UY,1578361572,77,-33.69,-53.46,66.38,3.49
100,Chato,100,TZ,1578361721,72,-2.64,31.77,71.38,3.71
101,Jamestown,0,AU,1578361563,34,-33.21,138.6,82.44,3.22
102,Scarborough,32,GB,1578361598,87,54.28,-0.41,44.01,9.17
103,New Norfolk,75,AU,1578361564,63,-42.78,147.06,70.0,16.11
104,Lompoc,1,US,1578361565,48,34.64,-120.46,64.4,4.7
105,Luganville,75,VU,1578361721,79,-15.51,167.18,86.0,10.29
106,Vozhega,99,RU,1578361721,95,60.47,40.21,21.29,6.35
107,Lebu,40,ET,1578361565,87,8.96,38.73,51.8,3.36
108,Codrington,33,AU,1578361139,45,-28.95,153.24,89.01,11.41
109,Tasiilaq,100,GL,1578361586,88,65.61,-37.64,21.6,19.39
110,Esperance,0,AU,1578361569,13,-33.86,121.89,91.4,19.46
111,Lalibela,0,ET,1578361721,74,12.04,39.05,55.29,0.92
112,Bambanglipuro,84,ID,1578361721,71,-7.95,110.28,82.8,9.37
113,Myaundzha,0,RU,1578361721,96,63.05,147.18,-24.56,1.92
114,Hermanus,99,ZA,1578361564,79,-34.42,19.24,64.99,5.99
115,Alyangula,40,AU,1578361722,70,-13.85,136.42,86.0,6.93
116,Mahebourg,40,MU,1578361589,94,-20.41,57.7,77.0,1.79
117,Buraydah,40,SA,1578361592,57,26.33,43.97,50.0,4.7
118,Okhotsk,0,RU,1578361722,78,59.36,143.24,-4.52,12.53
119,Nikolskoye,90,RU,1578361565,96,59.7,30.79,34.0,6.71
120,Manaus,85,BR,1578361722,62,-3.13,-59.98,86.0,4.7
121,Shingu,75,JP,1578361340,76,33.72,135.99,50.0,1.12
122,Abdulino,100,RU,1578361722,95,53.68,53.66,19.2,5.32
123,Busselton,0,AU,1578361561,18,-33.64,115.35,88.0,9.46
124,Berlevag,100,NO,1578361722,77,70.86,29.09,31.87,15.57
125,Lumeje,100,AO,1578361722,85,-11.56,20.78,67.19,1.23
126,Russell,1,US,1578361597,47,38.9,-98.86,35.6,9.17
127,Bathsheba,20,BB,1578361722,69,13.22,-59.52,78.8,14.99
128,Husavik,26,CA,1578361581,85,50.56,-96.99,23.0,8.01
129,Atikokan,99,CA,1578361723,92,48.76,-91.62,24.58,11.83
130,Dayong,75,CN,1578361723,88,25.02,118.29,66.2,4.47
131,East London,98,ZA,1578361562,77,-33.02,27.91,72.34,6.62
132,Lagoa,0,PT,1578361592,93,37.14,-8.45,52.0,4.7
133,Manzanillo,75,MX,1578361723,65,19.05,-104.32,80.6,5.82
134,Marsh Harbour,68,BS,1578361600,55,26.54,-77.06,70.03,10.69
135,Sturgeon Falls,75,CA,1578361723,85,46.36,-79.93,21.99,6.93
136,Sechura,0,PE,1578361723,87,-5.56,-80.82,71.47,7.96
137,Kodiak,90,US,1578361583,59,39.95,-94.76,37.0,4.7
138,Batemans Bay,63,AU,1578361588,45,-35.71,150.18,88.0,1.01
139,Nichinan,75,JP,1578361723,71,31.65,131.31,59.0,3.36
140,Wajir,0,KE,1578361723,78,1.75,40.07,78.19,14.43
141,Palmer,0,AU,1578361282,35,-34.85,139.16,86.0,8.12
142,Richards Bay,91,ZA,1578361593,83,-28.77,32.06,77.11,15.08
143,Pisco,39,PE,1578361596,88,-13.71,-76.2,69.8,16.11
144,Saint-Louis,100,SN,1578361724,33,16.03,-16.5,62.6,4.7
145,Yumen,0,CN,1578361598,55,40.29,97.04,20.88,14.72
146,Ponta Delgada,75,PT,1578361576,93,37.73,-25.67,64.4,9.17
147,Samana,34,EC,1578361724,97,0.12,-76.97,72.97,3.47
148,Mala,80,PE,1578361724,84,-12.66,-76.63,64.33,3.09
149,Havelock,5,US,1578361724,81,34.88,-76.9,45.0,2.17
150,Erzin,75,TR,1578361724,87,36.95,36.2,50.0,12.75
151,Lichtenburg,100,ZA,1578361724,69,-26.15,26.16,68.36,10.74
152,Mundybash,0,RU,1578361724,87,53.21,87.28,10.78,1.74
153,Cherskiy,0,RU,1578361579,73,68.75,161.3,-17.46,5.53
154,Bara,0,NG,1578361724,37,10.41,10.6,62.67,6.64
155,Mbumi,15,TZ,1578361724,97,-7.91,39.21,73.24,1.92
156,Vila Velha,40,BR,1578361598,78,-3.71,-38.6,82.4,5.82
157,Espinho,48,PT,1578361724,93,41.01,-8.64,41.0,10.29
158,Saint-Georges,100,CA,1578361515,90,46.12,-70.67,19.0,6.87
159,Morrope,0,PE,1578361725,78,-6.54,-80.02,71.6,16.11
160,Saint-Augustin,20,CA,1578361578,85,45.63,-73.98,21.0,3.36
161,Petropavlovskoye,20,RU,1578361725,85,46.79,142.5,21.2,2.39
162,Kurkino,98,RU,1578361725,93,53.42,38.66,20.37,4.52
163,Magadan,0,RU,1578361725,70,59.56,150.8,5.38,8.25
164,Miri,0,NG,1578361599,39,10.31,9.75,60.53,4.94
165,Pizarro,100,CO,1578361297,82,4.95,-77.37,80.02,3.36
166,Estelle,73,FR,1578361365,93,43.97,3.47,44.6,4.7
167,Eureka,1,US,1578361725,81,40.8,-124.16,51.8,5.82
168,Charters Towers,63,AU,1578361725,40,-20.07,146.27,92.61,15.35
169,Honiara,20,SB,1578361580,70,-9.43,159.96,91.4,14.99
170,Riyadh,0,SA,1578361725,87,24.63,46.72,44.6,4.83
171,Coquimbo,0,CL,1578361587,68,-29.95,-71.34,66.2,5.82
172,Salalah,1,OM,1578361575,78,17.01,54.1,75.2,5.82
173,Constitucion,90,MX,1578361562,14,23.99,-104.67,62.6,5.82
174,Hithadhoo,100,MV,1578361571,77,-0.6,73.08,83.71,13.91
175,Trelew,43,AR,1578361726,45,-43.25,-65.31,58.24,16.2
176,Kamiiso,40,JP,1578361726,64,41.82,140.65,32.0,1.12
177,Morondava,0,MG,1578361587,88,-20.3,44.28,75.51,1.14
178,Puerto Ayora,27,EC,1578361562,82,-0.74,-90.35,77.0,3.0
179,Ribeira Grande,100,PT,1578361565,94,38.52,-28.7,61.27,16.58
180,Kaitangata,0,NZ,1578361369,53,-46.28,169.85,59.0,11.01
181,Grass Valley,1,US,1578361720,70,39.22,-121.06,52.0,2.53
182,Nioro,80,GM,1578361726,17,13.79,-15.05,63.86,10.63
183,Maunabo,90,PR,1578361506,78,18.01,-65.9,78.8,5.82
184,Kibondo,100,TZ,1578361726,92,-3.59,30.72,60.75,2.08
185,Port Moresby,40,PG,1578361726,59,-9.47,147.16,91.4,10.29
186,Asosa,97,ET,1578361727,42,10.07,34.53,66.7,7.54
187,Barcelona,20,ES,1578361447,87,41.38,2.18,50.0,12.75
188,Vardo,1,US,1578361596,55,39.62,-77.74,41.0,6.42
189,Namibe,23,AO,1578361578,83,-15.19,12.15,71.55,6.11
190,Dawei,75,MM,1578361727,68,14.07,98.19,77.86,4.52
191,Meulaboh,31,ID,1578361589,77,4.14,96.13,79.93,7.43
192,Kapit,100,MY,1578361727,96,2.02,112.94,75.29,0.47
193,Narasannapeta,0,IN,1578361727,64,18.42,84.04,69.35,3.44
194,Awbari,0,LY,1578361727,57,26.59,12.77,42.08,6.42
195,Madisonville,90,US,1578361727,48,37.33,-87.5,46.0,5.53
196,Nishihara,75,JP,1578361727,43,35.74,139.53,48.99,12.75
197,Ambilobe,3,MG,1578361574,89,-13.19,49.05,75.94,3.27
198,Bossangoa,0,CF,1578361727,38,6.5,17.45,64.29,1.68
199,Castro,75,CL,1578361487,100,-42.48,-73.76,53.6,6.93
200,Chesterville,75,CA,1578361728,85,45.96,-71.82,25.0,5.82
201,Jennings,0,AU,1578361728,25,-28.93,151.93,87.48,7.49
202,Weinan,100,CN,1578361728,64,34.5,109.46,43.0,4.47
203,Tiksi,100,RU,1578361570,87,71.64,128.87,-3.15,16.49
204,Alofi,75,NU,1578361728,74,-19.06,-169.92,84.2,3.36
205,Saint Anthony,90,US,1578361583,92,43.97,-111.68,32.0,10.29
206,Luderitz,100,NA,1578361562,77,-26.65,15.16,60.8,8.05
207,Aksu,90,KZ,1578361587,84,52.04,76.93,8.6,3.0
208,Zhangjiakou,100,CN,1578361728,55,40.77,114.88,15.82,8.43
209,San Clemente,1,US,1578361504,16,33.43,-117.61,73.4,8.05
210,Aklavik,40,CA,1578361279,65,68.22,-135.01,-34.6,2.24
211,Sabha,0,LY,1578361728,66,27.03,14.43,42.53,9.01
212,Huancavelica,100,PE,1578361729,79,-12.79,-74.97,34.84,5.5
213,Cloquet,1,US,1578361729,63,46.72,-92.46,30.99,8.05
214,Nantucket,1,US,1578361642,86,41.28,-70.1,37.0,8.05
215,Esso,100,RU,1578361729,91,55.93,158.7,3.51,4.25
216,North Bend,90,US,1578361571,87,43.41,-124.22,53.01,12.75
217,Ecuandureo,100,MX,1578361337,35,20.16,-102.19,56.1,3.29
218,Dasoguz,90,TM,1578361729,92,41.84,59.97,23.0,2.24
219,Najran,0,SA,1578361060,76,17.54,44.22,55.4,1.88
220,Mayumba,100,GA,1578361595,79,-3.44,10.65,82.06,8.5
221,Fukue,75,JP,1578361729,61,35.03,136.69,48.99,6.93
222,Alexandria,0,RO,1578361190,84,43.97,25.33,27.0,0.81
223,Katunino,90,RU,1578361729,92,64.39,40.63,26.6,2.24
224,Rawson,10,AR,1578361373,58,-43.3,-65.11,59.4,19.06
225,Dalbandin,0,PK,1578361730,87,28.9,64.41,48.04,5.46
226,Ulagan,74,RU,1578361730,62,50.63,87.96,0.68,3.65
227,Gorontalo,87,ID,1578361730,63,0.54,123.06,86.81,6.87
228,Kirakira,80,SB,1578361584,71,-10.46,161.92,85.32,10.11
229,Airai,59,TL,1578361575,46,-8.93,125.41,84.33,4.65
230,Tecoanapa,5,MX,1578361730,74,16.99,-99.26,80.6,4.7
231,Port Blair,13,IN,1578361595,83,11.67,92.75,79.68,17.94
232,Cidreira,43,BR,1578361570,82,-30.17,-50.22,76.21,7.85
233,Kununurra,40,AU,1578361581,78,-15.77,128.74,80.6,6.93
234,Thompson,90,CA,1578361575,77,55.74,-97.86,-2.2,8.05
235,Pacific Grove,1,US,1578361534,67,36.62,-121.92,57.99,15.46
236,Grand Gaube,40,MU,1578361730,94,-20.01,57.66,77.0,1.43
237,Port Shepstone,100,ZA,1578361593,97,-30.74,30.45,71.76,3.58
238,La Ronge,40,CA,1578361566,69,55.1,-105.3,-7.6,13.87
239,Mingyue,100,CN,1578361731,80,43.11,128.91,23.72,2.68
240,Hovd,100,NO,1578361333,97,63.83,10.7,45.0,11.41
241,Shihezi,7,CN,1578361594,90,44.3,86.03,5.07,1.03
242,Pedernales,40,EC,1578361731,87,0.07,-80.05,74.37,4.36
243,La Libertad,75,PE,1578361731,87,-16.38,-71.56,53.6,8.05
244,Gubkinskiy,28,RU,1578361731,87,64.43,76.5,1.06,12.39
245,Praia,0,BR,1578361346,94,-20.25,-43.81,65.7,1.43
246,Nokaneng,28,BW,1578361731,89,-19.66,22.19,68.97,4.43
247,Talnakh,98,RU,1578361595,92,69.49,88.39,10.4,15.66
248,Amalapuram,20,IN,1578361579,83,16.58,82.0,71.6,6.93
249,Ishigaki,75,JP,1578361731,73,24.34,124.16,77.0,12.75
250,Ilulissat,100,GL,1578361585,53,69.22,-51.1,-5.8,11.41
251,Oxford,40,US,1578361475,87,33.61,-85.83,54.0,3.36
252,Zhaotong,100,CN,1578361731,49,27.34,103.71,44.4,2.91
253,Jinchang,43,CN,1578361731,55,38.52,102.19,20.97,4.72
254,Sambava,52,MG,1578361731,94,-14.27,50.17,73.38,2.04
255,Sharjah,0,AE,1578361679,67,25.36,55.39,60.8,3.36
256,Salaga,0,GH,1578361732,29,8.55,-0.52,76.86,4.56
257,La Rioja,0,AR,1578361590,50,-29.41,-66.86,67.1,3.51
258,Chibombo,100,ZM,1578361732,95,-14.68,28.09,64.99,1.7
259,Labuhan,96,ID,1578361565,58,-2.54,115.51,89.44,2.3
260,Kahului,20,US,1578361396,48,20.89,-156.47,82.4,18.34
261,Boa Vista,0,BR,1578361732,58,2.82,-60.67,82.4,10.29
262,Bereda,87,ES,1578361578,100,43.27,-7.54,46.0,4.7
263,Zhigansk,100,RU,1578361572,94,66.77,123.37,0.01,16.78
264,Formosa,99,BR,1578361732,97,-15.55,-47.33,65.55,6.98
265,Beberibe,40,BR,1578361732,78,-4.18,-38.13,82.4,5.82
266,Kokino,40,MK,1578361732,63,42.26,21.95,30.2,1.12
267,Vavoua,0,CI,1578361732,30,7.38,-6.48,68.13,3.09
268,Ostrovnoy,32,RU,1578361585,96,68.05,39.51,9.27,6.15
269,Marsa Matruh,24,EG,1578361732,75,31.35,27.25,46.4,14.99
270,Geraldton,5,CA,1578361561,84,49.72,-86.95,5.0,4.7
271,Egvekinot,86,RU,1578361733,75,66.32,-179.17,-11.7,4.56
272,Mao,20,DO,1578361733,88,19.55,-71.08,75.2,5.82
273,Puerto Suarez,56,BO,1578361733,57,-18.96,-57.8,83.26,3.96
274,Tevriz,100,RU,1578361733,94,57.51,72.4,19.54,5.03
275,Sao Joao da Barra,100,BR,1578361571,89,-21.64,-41.05,77.65,12.8
276,Vanimo,65,PG,1578361311,77,-2.67,141.3,83.75,12.48
277,Sola,95,TZ,1578361580,88,-3.17,33.8,64.45,4.94
278,Carballo,73,ES,1578361733,100,43.21,-8.69,42.01,4.7
279,Abha,0,SA,1578361571,82,18.22,42.5,55.4,8.05
280,Faanui,100,PF,1578361585,79,-16.48,-151.75,82.2,16.62
281,Shelton,1,US,1578361542,64,41.32,-73.09,39.99,3.36
282,Hosangadi,0,IN,1578361733,73,13.7,74.96,75.9,3.24
283,San Quintin,0,PH,1578361591,52,17.54,120.52,85.32,1.05
284,Katsuura,75,JP,1578361575,81,33.93,134.5,46.4,3.36
285,General Pico,0,AR,1578361734,31,-35.66,-63.75,62.01,5.3
286,Laguna,90,BZ,1578361312,88,16.17,-88.94,69.8,0.47
287,Vuktyl,93,RU,1578361734,93,63.86,57.31,1.51,9.42
288,Cockburn Town,40,TC,1578361585,79,21.46,-71.14,77.23,14.25
289,Talaya,75,RU,1578361734,85,55.79,84.89,19.4,11.18
290,Forestville,90,CA,1578361734,72,48.74,-69.09,15.8,5.82
291,Lisala,100,CD,1578361734,58,2.15,21.52,76.32,3.02
292,Rome,0,IT,1578361657,59,41.89,12.48,41.0,3.36
293,Cayenne,73,GF,1578361734,94,4.94,-52.33,73.4,2.24
294,Guerrero Negro,0,MX,1578361587,38,27.97,-114.04,64.47,4.23
295,Poum,0,MK,1578361568,57,41.28,20.71,21.74,4.45
296,Basco,90,US,1578361270,58,40.33,-91.2,35.6,6.31
297,Chifeng,0,CN,1578361734,39,42.27,118.96,22.6,20.8
298,Mzimba,72,MW,1578361734,85,-11.9,33.6,63.73,3.29
299,Ballina,100,IE,1578361735,88,54.11,-9.15,51.01,14.0
300,Madimba,20,CM,1578361735,94,4.42,9.93,78.8,3.36
301,Hoganas,86,SE,1578361735,93,56.2,12.56,41.0,8.05
302,Winnemucca,1,US,1578361735,55,40.97,-117.74,35.6,8.05
303,Whitehorse,75,CA,1578361735,76,60.72,-135.06,-9.0,1.88
304,Vestmannaeyjar,100,IS,1578361577,87,63.44,-20.27,37.08,35.77
305,Guider,0,CM,1578361735,30,9.93,13.94,66.99,6.96
306,Rathdrum,75,IE,1578361735,75,52.93,-6.23,48.99,9.17
307,Monywa,0,MM,1578361735,65,22.12,95.13,67.39,9.28
308,Vila Franca do Campo,75,PT,1578361573,93,37.72,-25.43,64.4,9.17
309,Sulangan,41,PH,1578361735,77,11.14,123.72,80.8,10.2
310,Kloulklubed,75,PW,1578361566,70,7.04,134.26,84.2,18.34
311,Floro,97,NO,1578361736,87,61.6,5.03,46.4,20.8
312,Barcelos,21,BR,1578361733,76,-0.97,-62.93,77.58,1.72
313,Hualmay,30,PE,1578361736,85,-11.1,-77.61,67.21,3.53
314,Shiyan,66,CN,1578361736,86,32.65,110.78,41.49,4.59
315,Sabang,73,PH,1578361736,76,13.8,121.11,81.0,5.99
316,Chodavaram,20,IN,1578361736,73,17.44,81.78,73.4,6.93
317,Bhadrachalam,13,IN,1578361736,78,17.67,80.89,71.83,1.97
318,Hami,0,CN,1578361567,47,42.84,93.51,20.55,0.89
319,Totskoye,95,RU,1578361736,96,52.53,52.75,22.44,4.0
320,Khandbari,59,NP,1578361736,53,27.38,87.21,39.13,3.04
321,Fountain Hills,5,US,1578361700,44,33.61,-111.72,66.0,7.56
322,Tomaszow Mazowiecki,90,PL,1578361736,86,51.53,20.01,35.01,3.36
323,Hastings,100,NZ,1578361736,56,-39.64,176.84,64.51,19.89
324,Imbituba,0,BR,1578361591,88,-28.24,-48.67,78.8,11.41
325,Chililabombwe,100,ZM,1578361736,96,-12.37,27.84,63.84,3.53
326,Sisimiut,0,GL,1578361736,74,66.94,-53.67,-19.97,12.84
327,Terra Santa,100,BR,1578361737,83,-2.1,-56.49,78.69,3.06
328,Samarai,99,PG,1578361157,63,-10.62,150.67,87.55,6.89
329,Baykit,98,RU,1578361274,97,61.68,96.39,2.79,3.27
330,Hengyang,75,CN,1578361737,77,26.89,112.6,49.73,5.79
331,Punjai Puliyampatti,40,IN,1578361737,94,11.35,77.2,71.6,2.98
332,Dingle,51,PH,1578361148,81,11.0,122.67,80.74,10.83
333,Saint-Pierre,90,FR,1578361737,100,48.95,4.24,43.0,12.75
334,Melville,1,CA,1578361737,61,50.93,-102.81,14.0,26.4
335,Bethel,1,US,1578361574,75,60.79,-161.76,-14.8,10.29
336,Sassandra,0,CI,1578361579,81,4.95,-6.09,70.38,5.79
337,Kvarkeno,100,RU,1578361737,94,52.08,59.73,15.46,5.79
338,Fougamou,11,GA,1578361737,98,-1.22,10.59,73.18,0.38
339,Manokwari,100,ID,1578361738,95,-0.87,134.08,73.89,3.11
340,Brae,22,GB,1578361738,87,60.4,-1.35,46.4,19.46
341,Souris,90,CA,1578361738,73,46.36,-62.25,26.01,3.36
342,Jalu,5,LY,1578361597,72,29.03,21.55,46.29,11.77
343,Batagay-Alyta,100,RU,1578361738,85,67.8,130.41,-11.42,3.91
344,Zhoucheng,90,CN,1578361738,100,31.35,119.33,42.8,4.47
345,Isangel,75,VU,1578361588,70,-19.55,169.27,84.2,9.17
346,Martinsburg,1,US,1578361738,55,39.46,-77.96,41.0,4.43
347,Pamantingan,100,PH,1578361738,86,6.7,124.46,72.07,3.74
348,Ust-Ilimsk,87,RU,1578361738,96,57.96,102.73,14.68,4.68
349,Bikin,91,RU,1578361738,80,46.82,134.25,16.9,0.74
350,Skibotn,75,NO,1578361739,93,69.39,20.27,37.4,13.87
351,Mitsamiouli,19,KM,1578361739,78,-11.38,43.28,82.26,6.22
352,Vao,100,EE,1578361585,97,59.1,26.19,36.79,8.5
353,Paamiut,72,GL,1578361565,72,61.99,-49.67,1.76,13.4
354,Ryotsu,90,JP,1578361739,75,38.08,138.43,42.8,3.36
355,Heyang,0,CN,1578361739,69,26.1,107.47,54.68,4.03
356,Huarmey,26,PE,1578361343,84,-10.07,-78.15,67.95,1.95
357,Gasa,77,BT,1578361739,66,27.91,89.73,11.98,3.06
358,Lianran,51,CN,1578361739,80,24.92,102.47,57.99,6.71
359,Shieli,100,KZ,1578361739,95,44.18,66.74,27.93,10.27
360,Lorengau,52,PG,1578361565,74,-2.02,147.27,84.72,10.18
361,Pangoa,47,PE,1578361739,97,-12.12,-73.0,70.29,1.9
362,Sinnamary,85,GF,1578361592,77,5.38,-52.96,79.14,12.77
363,Coihaique,75,CL,1578361352,76,-45.58,-72.07,53.6,5.82
364,Nouadhibou,100,MR,1578361740,72,20.93,-17.03,59.0,20.8
365,Ribas do Rio Pardo,44,BR,1578361740,89,-20.45,-53.76,72.7,5.66
366,Pontian Kecil,75,MY,1578361740,83,1.48,103.39,80.6,5.82
367,Caravelas,56,BR,1578361573,93,-17.73,-39.27,73.08,7.56
368,Straumen,100,NO,1578361740,93,63.87,11.3,45.0,11.41
369,Santa Fe,0,AR,1578361740,39,-31.62,-60.7,67.96,7.36
370,Havre-Saint-Pierre,1,CA,1578361567,64,50.23,-63.6,-4.0,6.93
371,Tura,100,RU,1578361569,94,64.27,100.22,10.29,6.08
372,Petropavlovsk-Kamchatskiy,100,RU,1578361604,46,53.05,158.65,28.4,17.9
373,Nanortalik,23,GL,1578361565,68,60.14,-45.24,15.93,46.64
374,Makhachkala,40,RU,1578361740,80,42.98,47.5,41.0,6.71
375,Bouillante,100,FR,1578361740,100,48.53,-1.73,53.01,5.82
376,Dandong,100,CN,1578361740,68,40.12,124.37,34.63,14.52
377,Inuvik,40,CA,1578361592,65,68.36,-133.71,-34.6,2.24
378,Nurota,100,UZ,1578361740,92,40.56,65.69,28.4,3.13
379,Santa Cruz,99,BR,1578361741,89,-6.22,-36.02,72.75,3.38
380,Manuk Mangkaw,100,PH,1578361577,77,4.8,119.85,81.64,13.42
381,Pervomayskiy,5,RU,1578361741,96,53.24,40.29,20.32,3.06
382,Nyurba,96,RU,1578361741,91,63.29,118.35,15.87,8.1
383,Vega de Alatorre,0,MX,1578361741,77,20.03,-96.65,70.99,11.52
384,Ulaangom,30,MN,1578361297,91,49.98,92.07,-13.4,2.13
385,Am Timan,0,TD,1578361741,32,11.04,20.28,67.35,4.63
386,Port Hardy,90,CA,1578361346,86,50.7,-127.42,41.0,8.05
387,Shahr-e Babak,0,IR,1578361741,60,30.12,55.12,35.82,3.65
388,Maragogi,10,BR,1578361584,77,-9.01,-35.22,79.74,14.36
389,Balgazyn,42,RU,1578361741,90,51.0,95.2,-6.43,1.19
390,Zheleznodorozhnyy,40,RU,1578361741,74,55.75,38.0,28.4,6.71
391,Kieta,68,PG,1578361570,66,-6.22,155.63,86.63,6.78
392,Avera,1,US,1578361741,93,33.19,-82.53,55.4,6.22
393,Pathein,0,MM,1578361742,57,16.78,94.73,77.99,3.11
394,Marsaxlokk,20,MT,1578361742,49,35.84,14.54,46.99,4.7
395,Moose Factory,90,CA,1578361742,84,51.26,-80.61,6.8,11.41
396,Bilibino,0,RU,1578361596,93,68.06,166.44,-19.48,2.71
397,Trincomalee,25,LK,1578361742,82,8.58,81.23,79.25,5.99
398,Bytow,90,PL,1578361742,93,54.17,17.49,39.0,6.93
399,Antofagasta,20,CL,1578361720,88,-23.65,-70.4,68.0,6.93
400,Banda Aceh,1,ID,1578361581,56,5.56,95.32,83.12,7.2
401,Port Hedland,90,AU,1578361579,46,-20.31,118.58,91.4,12.75
402,Berdigestyakh,100,RU,1578361742,94,62.1,126.7,15.84,6.89
403,Bom Jesus,93,BR,1578361584,80,-9.08,-44.36,72.19,1.63
404,Hobyo,100,SO,1578361568,76,5.35,48.53,79.41,15.73
405,Anju,100,KP,1578361742,83,39.62,125.66,33.64,6.62
406,Stokmarknes,100,NO,1578361743,90,68.56,14.91,43.0,4.0
407,Mitu,0,IR,1578361743,67,36.2,46.09,20.03,3.56
408,Makat,45,KZ,1578361743,91,47.65,53.35,20.7,2.19
409,Buin,0,CL,1578361743,46,-33.73,-70.74,69.8,10.29
410,Mehamn,100,NO,1578361590,88,71.03,27.85,24.19,16.15
411,Santa Maria,20,BR,1578361573,83,-16.02,-48.01,71.6,4.7
412,Luena,100,AO,1578361570,98,-11.78,19.91,63.19,2.86
413,San Cristobal,61,HN,1578361596,96,14.68,-86.92,60.15,3.33
414,Deputatskiy,0,RU,1578361743,75,69.3,139.9,-17.97,1.41
415,Avila,1,US,1578361743,80,38.91,-76.61,44.01,5.82
416,Kodinsk,9,RU,1578361286,95,58.6,99.18,9.21,5.7
417,Pareora,84,NZ,1578361743,60,-44.49,171.21,61.0,10.0
418,Broken Hill,0,AU,1578361743,35,-31.97,141.45,84.2,16.11
419,Kenai,1,US,1578361332,70,60.55,-151.26,-0.4,5.82
420,Klaksvik,75,FO,1578361744,70,62.23,-6.59,42.8,21.92
421,Chippewa Falls,1,US,1578361502,74,44.94,-91.39,33.8,6.93
422,Tilichiki,97,RU,1578361744,94,60.47,166.1,4.39,6.6
423,Alpena,1,US,1578361744,79,45.06,-83.43,26.6,7.67
424,Berezovyy,4,RU,1578361744,65,51.67,135.7,12.6,4.9
425,Mandalgovi,0,MN,1578361292,72,45.76,106.27,7.65,3.27
426,Belle Fourche,1,US,1578361744,58,44.67,-103.85,28.99,8.05
427,Kuching,75,MY,1578361744,88,1.56,110.34,80.6,2.24
428,Port-Gentil,35,GA,1578361319,79,-0.72,8.78,82.06,9.53
429,Hamilton,20,CA,1578361500,74,43.26,-79.87,36.0,11.41
430,Ucluelet,90,CA,1578361561,93,48.94,-125.55,46.4,5.82
431,Aleksandrov Gay,100,RU,1578361744,94,50.14,48.57,29.1,8.43
432,Pundaguitan,100,PH,1578361744,83,6.37,126.17,79.54,7.14
433,Kontagora,8,NG,1578361348,28,10.4,5.47,69.31,7.31
434,Rio Gallegos,40,AR,1578361745,71,-51.62,-69.22,57.2,6.93
435,Champerico,5,MX,1578361745,64,16.38,-93.6,71.6,9.17
436,Yatou,20,CM,1578361745,94,3.63,9.81,78.8,3.36
437,Salekhard,100,RU,1578361745,85,66.54,66.62,5.05,12.21
438,Belinskiy,0,RU,1578361745,95,52.97,43.41,12.06,4.14
439,Port Alfred,68,ZA,1578361561,97,-33.59,26.89,69.01,6.29
440,Alice Springs,100,AU,1578361579,35,-23.7,133.88,84.2,10.29
441,Pevek,0,RU,1578361582,68,69.7,170.27,-9.62,5.37
442,Ewa Beach,90,US,1578361745,69,21.32,-158.01,82.4,10.29
443,Mount Gambier,0,AU,1578361580,44,-37.83,140.78,75.2,10.29
444,Foz,100,ES,1578361745,1,43.57,-7.26,46.0,4.0
445,Gat,100,SN,1578361288,34,14.69,-16.54,66.2,12.75
446,Ponta do Sol,0,BR,1578361576,91,-20.63,-46.0,67.26,1.79
447,Hamada,75,JP,1578361746,76,34.9,132.08,57.2,20.8
448,Challapata,39,BO,1578361746,54,-18.9,-66.78,52.14,14.07
449,Sampit,78,ID,1578361746,57,-2.54,112.95,90.57,2.08
450,Hay River,90,CA,1578361570,68,60.82,-115.79,-14.8,6.93
451,Rio Grande,47,BR,1578361601,90,-32.03,-52.1,73.0,12.37
452,College,20,US,1578361571,65,64.86,-147.8,-27.0,2.35
453,Batticaloa,91,LK,1578361746,79,7.71,81.69,80.22,3.8
454,Luau,100,CD,1578361580,98,-10.7,22.23,66.65,3.13
455,Bandarbeyla,23,SO,1578361374,83,9.49,50.81,79.05,16.24
456,Marabba,100,SD,1578361746,17,12.35,32.18,62.8,7.96
457,Te Anau,80,NZ,1578361746,84,-45.41,167.72,48.61,5.08
458,Gizo,0,IL,1578361746,54,31.8,34.94,54.0,10.29
459,Tamworth,100,AU,1578361746,33,-31.09,150.93,91.4,6.93
460,Dali,100,CN,1578361375,63,34.79,109.94,39.06,13.33
461,Ayan,0,IR,1578361374,58,38.23,44.7,15.28,6.42
462,Tromso,75,NO,1578361599,93,69.65,18.96,37.4,13.87
463,Longyearbyen,20,NO,1578361577,51,78.22,15.63,12.2,14.99
464,Pontianak,90,ID,1578361747,63,-0.02,109.34,87.46,3.02
465,Kalaleh,0,IR,1578361747,93,37.38,55.49,37.4,2.24
466,Buala,15,SB,1578361565,72,-8.15,159.59,84.65,10.63
467,Kenora,90,CA,1578361747,68,49.76,-94.48,26.6,8.05
468,Hokitika,71,NZ,1578361747,65,-42.72,170.96,57.96,10.49
469,Cabo San Lucas,5,MX,1578361470,53,22.89,-109.91,75.2,11.41
470,Kitimat,75,CA,1578361747,92,54.02,-128.69,24.8,5.82
471,Aykhal,75,RU,1578361589,92,65.95,111.51,10.4,4.47
472,Kaeo,100,NZ,1578361313,50,-35.1,173.78,71.01,10.0
473,Mapiripan,10,CO,1578361747,74,2.89,-72.13,74.93,4.41
474,Xining,21,CN,1578361747,61,36.62,101.77,22.32,5.17
475,Tevaitoa,41,PF,1578361747,80,-16.78,-151.5,81.7,17.52
476,Nogliki,52,RU,1578361747,86,51.8,143.14,14.5,10.18
477,Parrita,0,CR,1578361505,60,9.52,-84.33,71.6,17.22
478,Auki,88,NG,1578361748,26,12.18,6.51,65.77,12.93
479,Otjimbingwe,25,NA,1578361748,50,-22.35,16.13,66.76,2.75
480,Guadalupe y Calvo,0,MX,1578361748,34,26.09,-106.96,46.09,6.62
481,Koslan,100,RU,1578361748,94,63.46,48.9,12.27,7.38
482,Ekhabi,11,RU,1578361748,89,53.51,142.97,10.83,9.75
483,Abaete,4,BR,1578361748,89,-19.16,-45.45,71.71,2.44
484,Milford,1,US,1578361748,100,42.14,-71.52,35.01,3.36
485,Palana,0,RU,1578361748,77,59.08,159.95,6.75,2.98
486,Dunedin,12,NZ,1578361597,72,-45.87,170.5,52.11,22.44
487,Dzerzhinsk,75,RU,1578361748,92,56.24,43.46,26.6,4.47
488,Pierre,20,US,1578361535,74,44.37,-100.35,33.8,13.87
489,Waipawa,66,NZ,1578361298,69,-39.94,176.59,60.01,7.0
490,Porto Novo,40,BR,1578361749,69,-23.68,-45.44,77.0,4.7
491,Yamada,90,JP,1578361749,56,36.58,137.08,45.0,2.24
492,Sopelana,56,ES,1578361749,93,43.38,-2.98,48.99,2.24
493,Paramonga,22,PE,1578361749,91,-10.68,-77.82,68.72,11.79
494,Anchorage,90,US,1578361503,76,61.22,-149.89,1.0,2.64
495,Umred,40,IN,1578361749,82,20.85,79.32,57.2,5.23
496,Andornaktalya,100,HU,1578361749,57,47.85,20.42,26.4,1.41
497,Aosta,40,IT,1578361749,86,45.74,7.32,35.01,4.7
498,Bodden Town,20,KY,1578361749,73,19.28,-81.25,77.0,14.99
499,Namtsy,100,RU,1578361749,75,62.72,129.66,-14.8,2.24
500,Oncesti,0,RO,1578361749,92,46.47,27.25,18.0,5.82
501,Kedrovyy,12,RU,1578361602,84,56.17,91.82,8.6,5.17
502,Verkh-Usugli,0,RU,1578361749,74,52.7,115.17,3.9,1.59
503,Raudeberg,100,NO,1578361749,87,61.99,5.14,46.4,20.8
504,Adrar,19,DZ,1578361371,36,27.87,-0.29,44.6,14.99
505,Yulara,40,AU,1578361585,48,-25.24,130.99,82.4,14.99
506,Lakes Entrance,4,AU,1578361595,64,-37.88,147.99,75.99,1.99
507,Kimbe,98,PG,1578361750,77,-5.56,150.15,86.02,4.0
508,Houma,100,CN,1578361750,99,35.63,111.36,32.47,3.27
509,Aulla,0,IT,1578361750,100,44.21,9.97,46.99,3.36
510,Nikolayevsk-na-amure,48,RU,1578361750,85,53.14,140.72,10.24,4.76
511,Okha,11,RU,1578361750,89,53.59,142.95,10.83,9.75
512,Ulladulla,40,AU,1578361327,54,-35.36,150.48,84.2,5.82
513,Mandurah,0,AU,1578361750,32,-32.55,115.7,82.99,3.36
514,Kautokeino,100,NO,1578361750,96,69.01,23.04,28.72,13.62
515,Zhezkazgan,90,KZ,1578361750,100,47.8,67.71,17.6,4.47
516,Bahia Blanca,0,AR,1578361715,36,-38.72,-62.27,63.73,3.78
517,Pervomayskoye,98,RU,1578361750,95,57.07,86.23,9.9,7.72
518,Ilhabela,0,BR,1578361291,81,-23.78,-45.36,78.91,9.71
519,Leticia,0,CO,1578361750,94,-4.21,-69.94,78.8,3.15
520,Baiyin,40,CN,1578361750,85,36.55,104.13,28.0,2.24
521,Jiaohe,100,CN,1578361751,84,43.72,127.34,25.65,2.71
522,Gravdal,100,NO,1578361751,93,59.79,5.78,46.4,14.99
523,Lulea,73,SE,1578361751,93,65.58,22.15,32.0,9.17
524,Haines Junction,100,CA,1578361588,98,60.75,-137.51,-0.31,2.84
525,Vicksburg,1,US,1578361751,77,32.35,-90.88,62.6,7.45
526,Karatu,7,TZ,1578361751,87,-3.34,35.67,63.09,3.24
527,Tairua,99,NZ,1578361751,46,-37.02,175.85,71.01,15.99
528,Catio,100,GW,1578361751,21,11.28,-15.25,64.17,5.57
529,Boksitogorsk,100,RU,1578361751,93,59.47,33.85,30.0,3.0
530,Fortuna Foothills,1,US,1578361751,20,32.66,-114.41,75.2,9.17
531,Mopipi,83,BW,1578361751,47,-21.2,24.86,82.18,8.08
532,Galeana,47,MX,1578361751,36,24.83,-100.08,52.0,8.99
533,Copperas Cove,1,US,1578361563,41,31.12,-97.9,60.8,9.17
534,Qasigiannguit,100,GL,1578361752,53,68.82,-51.19,-5.8,11.41
535,Mattru,28,SL,1578361341,86,7.62,-11.83,70.54,2.06
536,Dossor,55,KZ,1578361752,87,47.52,52.98,24.55,3.67
537,Panormos,47,GR,1578361752,47,38.37,22.25,48.99,30.0
538,Moshkovo,90,RU,1578361752,85,55.3,83.61,17.6,6.71
539,Yabelo,17,ET,1578361752,69,4.89,38.09,63.91,6.35
